c 13.099823 13.022206 -1.579860
c 13.100812 12.881207 -1.581816
c 13.102699 12.771669 -1.581010
c 13.106875 12.642704 -1.581328
c 13.109532 12.489571 -1.581245
c 13.121441 12.364612 -1.581582
c 13.128912 12.243965 -1.582538
c 13.137626 12.093945 -1.581153
c 13.141996 11.986259 -1.582351
c 13.157768 11.864850 -1.582943
c 13.152514 11.704815 -1.583893
c 13.158802 11.576266 -1.583113
c 13.186702 11.361238 -1.583584
c 13.185640 11.257612 -1.583836
c 13.185220 11.075556 -1.584393
c 13.193470 10.965173 -1.585312
c 13.210926 10.824865 -1.585205
c 13.208261 10.666952 -1.585367
c 13.213191 10.520646 -1.585340
c 13.215145 10.413226 -1.585144
c 13.228136 10.299282 -1.585311
c 13.218525 10.106873 -1.585896
c 13.221825 9.999352 -1.586606
c 13.238209 9.801001 -1.587758
c 13.243827 9.693720 -1.587905
c 13.242884 9.573565 -1.588599
c 13.255426 9.459584 -1.589010
c 13.254683 9.313333 -1.589327
c 13.268028 9.159071 -1.590102
c 13.262897 8.960272 -1.590321
c 13.272638 8.844130 -1.590760
c 13.285342 8.730321 -1.591621
c 13.295812 8.547165 -1.591715
c 13.295874 8.429226 -1.592563
c 13.290041 8.311255 -1.592736
c 13.292409 8.183992 -1.598650
c 13.309219 8.531547 -1.585810
c 13.308388 8.419393 -1.586538
c 13.311088 8.293639 -1.587151
c 13.310599 8.179303 -1.586754
c 13.326815 8.064686 -1.587748
c 13.336750 7.963267 -1.588018
c 13.347691 7.849433 -1.587865
c 13.342048 7.733442 -1.588226
c 13.343604 7.556360 -1.588616
c 13.356268 7.441015 -1.588185
c 13.356756 7.331121 -1.588208
c 13.364749 7.218717 -1.589780
c 13.365534 7.091739 -1.589012
c 13.363352 6.945890 -1.588810
c 13.367382 6.803100 -1.590055
c 13.396819 6.698065 -1.588879
c 13.406040 6.585182 -1.590409
c 13.412298 6.470355 -1.589681
c 13.418236 6.355715 -1.589519
c 13.434179 6.240466 -1.590592
c 13.420499 6.129193 -1.590895
c 13.421898 6.013649 -1.591144
c 13.406414 5.808458 -1.589080
c 13.404315 5.704018 -1.588064
c 13.408997 5.546214 -1.587319
c 13.410689 5.416356 -1.588004
c 13.419233 5.253776 -1.587951
c 13.417701 5.102648 -1.588775
c 13.421135 5.000757 -1.589018
c 13.462375 4.838298 -1.593192
c 13.460983 4.682461 -1.591507
c 13.462377 4.559604 -1.592899
c 13.461302 4.395709 -1.593117
c 13.471902 4.254906 -1.592335
c 13.484235 4.138019 -1.594150
c 13.555738 4.022933 -1.596036
c 13.561351 3.906951 -1.596180
c 13.559197 3.795431 -1.595932
c 13.556733 3.689113 -1.597218
c 13.572245 3.514996 -1.597828
c 13.576482 3.300626 -1.597324
c 13.660219 3.223566 -1.600318
c 13.662051 3.092510 -1.600215
c 13.663336 2.951031 -1.600930
c 13.663498 2.834269 -1.602518
c 13.664700 2.659385 -1.600737
c 13.678703 2.546218 -1.602095
c 13.653527 2.504733 -1.598358
c 13.643007 2.363746 -1.598365
c 13.659671 2.225554 -1.597638
c 13.659178 2.066688 -1.598472
c 13.662623 1.926648 -1.598923
c 13.682335 1.812872 -1.599534
c 13.685735 1.701348 -1.599780
c 13.742621 1.506296 -1.601214
c 13.738488 1.356927 -1.601938
c 13.745820 1.223332 -1.601142
c 13.757189 1.072596 -1.601116
c 13.741035 0.935414 -1.600817
c 13.744433 0.799278 -1.600867
c 13.762448 0.639393 -1.601026
c 13.822822 0.507130 -1.598148
c 13.836362 0.356018 -1.599241
c 13.832765 0.221931 -1.599727
c 13.832117 0.074458 -1.600976
c 13.834453 -0.060740 -1.600842
c 13.844834 -0.212360 -1.599837
c 13.828844 -0.349279 -1.603070
c 13.833382 -0.491039 -1.602817
c 13.825219 -0.640026 -1.604770
c 13.824941 -0.778783 -1.605023
c 13.826688 -0.918409 -1.605215
c 13.855263 -1.080199 -1.607106
c 13.808999 -1.234532 -1.606743
c 13.804839 -1.363749 -1.607315
c 13.805671 -1.511533 -1.608200
c 13.801199 -1.663618 -1.608911
c 13.808607 -1.804628 -1.609078
c 13.822911 -1.956990 -1.609822
c 13.791143 -2.078094 -1.611185
c 13.820165 -2.217592 -1.612016
c 13.824486 -2.338190 -1.610792
c 13.795887 -2.493013 -1.611382
c 13.814679 -2.647290 -1.613579
c 13.834711 -2.780205 -1.612981
c 13.863005 -2.915009 -1.611639
c 13.850375 -3.056417 -1.611838
c 13.845163 -3.219256 -1.613867
c 13.853874 -3.372825 -1.614406
c 13.871091 -3.515665 -1.613795
c 13.865291 -3.724954 -1.615335
c 13.850455 -3.875170 -1.617698
c 13.856792 -4.014957 -1.616899
c 13.843976 -4.158602 -1.617252
c 13.844057 -4.298983 -1.618379
c 13.844124 -4.407724 -1.618612
c 13.856368 -4.525014 -1.618875
c 13.903649 -4.687575 -1.618031
c 13.909434 -4.829383 -1.618437
c 13.900635 -4.980323 -1.619595
c 13.893042 -5.121612 -1.620452
c 13.903007 -5.257752 -1.620379
c 13.884281 -5.392087 -1.619701
c 13.877799 -5.602742 -1.622413
c 13.870467 -5.749320 -1.622258
c 13.897926 -5.893621 -1.623572
c 13.897067 -6.036371 -1.623907
c 13.893081 -6.185827 -1.625134
c 13.873319 -6.293757 -1.626075
c 13.868939 -6.399053 -1.625621
c 13.955740 -6.531584 -1.627468
c 13.961072 -6.689035 -1.627276
c 13.926441 -6.811254 -1.627004
c 13.957104 -6.960020 -1.617878
c 13.984572 -7.115836 -1.602212
c 14.002283 -7.254997 -1.585197
c 14.062567 -7.356203 -1.566993
c 14.080730 -7.514789 -1.552117
c 14.118127 -7.650694 -1.535189
c 14.151120 -7.826233 -1.509198
c 14.206685 -7.976418 -1.473304
c 14.276592 -8.149231 -1.435907
c 14.252979 -8.215976 -1.397555
c 14.320299 -8.352626 -1.361717
c 14.427605 -8.498779 -1.313285
c 14.534168 -8.634785 -1.259005
c 14.645988 -8.745407 -1.204384
c 14.761042 -8.879787 -1.151607
c 14.857207 -8.973440 -1.123177
c 14.923372 -9.112598 -1.122496
c 14.985137 -9.243313 -1.123887
c 15.052055 -9.359243 -1.126262
c 15.121276 -9.491835 -1.126733
c 15.188782 -9.621600 -1.128790
c 15.267439 -9.737587 -1.127607
c 15.355089 -9.840187 -1.129743
c 15.424864 -9.986126 -1.129365
c 15.497398 -10.104526 -1.130547
c 15.565792 -10.210706 -1.130384
c 15.630464 -10.337388 -1.129892
c 15.703039 -10.474535 -1.129861
c 15.758777 -10.741483 -1.133872
c 15.819926 -10.868501 -1.133939
c 15.902767 -10.991467 -1.132911
c 15.970790 -11.136424 -1.133194
c 16.032077 -11.251075 -1.135014
c 16.100296 -11.374664 -1.136373
c 16.152009 -11.471765 -1.133376
c 16.221994 -11.581752 -1.133861
c 16.291320 -11.711012 -1.137444
c 16.352204 -11.860780 -1.136809
c 16.425199 -11.967914 -1.138822
c 16.477533 -12.102083 -1.138050
c 16.547693 -12.224088 -1.139659
c 16.617127 -12.365535 -1.140641
c 16.675658 -12.498427 -1.141508
c 16.745984 -12.627925 -1.140966
c 16.816205 -12.757984 -1.141027
c 16.891756 -12.876180 -1.141562
c 16.953359 -12.994499 -1.140309
c 16.976272 -13.106240 -1.136329
c 17.044445 -13.236506 -1.139487
c 17.110582 -13.369992 -1.139110
c 17.184574 -13.498842 -1.138957
c 17.247437 -13.621353 -1.139698
c 17.313144 -13.751497 -1.140177
c 17.411137 -13.921552 -1.139860
c 17.484016 -14.036833 -1.141810
c 17.550106 -14.163899 -1.141885
c 17.618737 -14.291634 -1.142900
c 17.687699 -14.419909 -1.143833
c 17.743297 -14.545147 -1.143669
c 17.813312 -14.681653 -1.143787
c 17.905872 -14.803822 -1.143393
c 17.964386 -14.920195 -1.146598
c 18.035745 -15.048610 -1.147076
c 18.135745 -15.048610 -1.147076
c 18.235745 -15.048610 -1.147076
c 18.335745 -15.048610 -1.147076
c 18.435745 -15.048610 -1.147076
c 18.532474 -15.121392 -1.147076
