c 18.532474 -15.121392 -0.093408
c 18.674720 -15.155218 -0.111902
c 18.820240 -15.180442 -0.128387
c 18.958936 -15.193472 -0.140831
c 19.104215 -15.223097 -0.152812
c 19.233414 -15.242089 -0.158758
c 19.381110 -15.261573 -0.158451
c 19.511909 -15.270019 -0.157836
c 19.655647 -15.279034 -0.159235
c 19.790148 -15.299799 -0.161094
c 19.928770 -15.313150 -0.161130
c 20.068111 -15.331555 -0.157054
c 20.214545 -15.328451 -0.148295
c 20.358950 -15.331529 -0.138277
c 20.502686 -15.330364 -0.126472
c 20.645038 -15.330824 -0.116704
c 20.794891 -15.327872 -0.100835
c 21.403301 -15.582822 -0.046497
c 21.536593 -15.572662 -0.036792
c 21.676662 -15.562475 -0.038025
c 21.814000 -15.563908 -0.040308
c 21.954856 -15.565663 -0.041608
c 22.093348 -15.568809 -0.041281
c 22.233500 -15.558874 -0.040570
c 22.340411 -15.858903 -0.027851
c 22.478997 -15.850656 -0.027835
c 22.620978 -15.862504 -0.028043
c 22.761907 -15.855856 -0.028599
c 22.896763 -15.849002 -0.029768
c 23.034701 -15.839777 -0.030939
c 23.195420 -15.832769 -0.030055
c 23.330067 -15.834387 -0.029639
c 23.481331 -15.822367 -0.029548
c 23.643657 -15.816003 -0.029329
c 23.804795 -15.810863 -0.029223
c 23.958262 -15.800921 -0.029340
c 24.121521 -15.798325 -0.030345
c 24.255445 -15.825991 -0.030586
c 24.420745 -15.827137 -0.030869
c 24.572004 -15.816131 -0.031961
c 24.738110 -15.805287 -0.029698
c 24.894929 -15.801915 -0.032119
c 25.054822 -15.796887 -0.030600
c 25.213834 -15.796911 -0.031960
c 25.368516 -15.788867 -0.033005
c 25.533906 -15.790680 -0.033431
c 25.691829 -15.779710 -0.033175
c 25.844104 -15.781818 -0.033650
c 25.993221 -15.777078 -0.034561
c 26.165918 -15.762394 -0.034465
c 26.318453 -15.753037 -0.034107
c 26.467581 -15.747592 -0.036043
c 26.624189 -15.744484 -0.036408
c 26.777755 -15.749964 -0.037355
c 26.923894 -15.760271 -0.040292
c 27.073478 -15.748910 -0.038731
c 27.253463 -15.743596 -0.039196
c 27.396865 -15.739723 -0.039346
c 27.554093 -15.732157 -0.039640
c 27.719313 -15.723674 -0.040754
c 27.868813 -15.725114 -0.041007
c 28.028678 -15.724002 -0.043624
c 28.169065 -15.723642 -0.045847
c 28.326536 -15.711163 -0.044681
c 28.482594 -15.705223 -0.044851
c 28.636188 -15.700342 -0.044816
c 28.792509 -15.698465 -0.044509
c 28.953125 -15.700093 -0.046137
c 29.110173 -15.693002 -0.045632
c 29.272172 -15.718813 -0.046888
c 29.429042 -15.714229 -0.047529
c 29.586921 -15.716099 -0.047745
c 29.741409 -15.713470 -0.049656
c 29.897780 -15.714253 -0.049555
c 30.055036 -15.706331 -0.051309
c 30.204128 -15.679774 -0.055782
c 30.361314 -15.694271 -0.057702
c 30.518275 -15.685314 -0.058816
c 30.673857 -15.696796 -0.059801
c 30.831076 -15.703778 -0.060659
c 30.987287 -15.700648 -0.060742
c 31.150421 -15.703437 -0.060190
c 31.293053 -15.701607 -0.058832
c 31.464108 -15.710643 -0.057689
c 31.620984 -15.705339 -0.059534
c 31.782411 -15.710946 -0.058185
c 31.947288 -15.721703 -0.058489
c 32.108668 -15.702543 -0.057354
c 32.282862 -15.693162 -0.055974
c 32.449625 -15.680489 -0.055604
c 32.616488 -15.674232 -0.054667
c 32.771675 -15.673931 -0.055217
c 32.935363 -15.676244 -0.056274
c 33.091013 -15.664275 -0.058685
c 33.121013 -15.664275 -0.058685
