c 33.709459 -14.621122 1.568318
c 33.650870 -14.625980 1.602858
c 33.654359 -14.545379 1.588002
c 33.641470 -14.435433 1.587975
c 33.634291 -14.290366 1.586179
c 33.616143 -14.112661 1.580935
c 33.601515 -13.956166 1.580197
c 33.600263 -13.799649 1.578897
c 33.584444 -13.635950 1.578012
c 33.574666 -13.487088 1.578004
c 33.572161 -13.316163 1.577772
c 33.573417 -13.152583 1.583255
c 33.546805 -12.953650 1.586574
c 33.551393 -12.834212 1.587185
c 33.539462 -12.679397 1.586261
c 33.519965 -12.519227 1.585080
c 33.513097 -12.365018 1.587273
c 33.499896 -12.213222 1.585308
c 33.492933 -12.061877 1.584439
c 33.484567 -11.902751 1.584604
c 33.463374 -11.751362 1.584128
c 33.456659 -11.600145 1.585891
c 33.450944 -11.434794 1.582545
c 33.440685 -11.282833 1.582237
c 33.419697 -11.085406 1.582947
c 33.411593 -10.972719 1.585570
c 33.403230 -10.808671 1.584655
c 33.387264 -10.648201 1.583664
c 33.383052 -10.477332 1.584072
c 33.373047 -10.347000 1.584338
c 33.374462 -10.181113 1.582141
c 33.362439 -10.071281 1.581748
c 33.350767 -9.952922 1.580961
c 33.341364 -9.837391 1.580793
c 33.337585 -9.712454 1.584544
c 33.323798 -9.555031 1.582175
c 33.291255 -9.416915 1.581574
c 33.292273 -9.301345 1.580693
c 33.284216 -9.175609 1.579331
c 33.270839 -8.968389 1.577581
c 33.260868 -8.858906 1.580464
c 33.252443 -8.659308 1.578247
c 33.234571 -8.547250 1.579597
c 33.233091 -8.435469 1.579827
c 33.221073 -8.306955 1.580918
c 33.198270 -8.118164 1.581526
c 33.196520 -8.001067 1.582211
c 33.183797 -7.884191 1.583600
c 33.176461 -7.748655 1.583481
c 33.163056 -7.591575 1.582666
c 33.141388 -7.420934 1.575700
c 33.135414 -7.306410 1.574097
c 33.128496 -7.188623 1.576824
c 33.111906 -7.029944 1.576577
c 33.109927 -6.870787 1.574786
c 33.098548 -6.742476 1.573744
c 33.091800 -6.587289 1.572534
c 33.094658 -6.454163 1.573337
c 33.103241 -6.307849 1.572745
c 33.106217 -6.194325 1.571393
c 33.089346 -6.078322 1.571246
c 33.079076 -5.958668 1.570948
c 33.073625 -5.844376 1.571520
c 33.075607 -5.728646 1.573163
c 33.065143 -5.619905 1.573241
c 33.062304 -5.560336 1.575418
c 33.097962 -5.581453 1.574170
