c 33.585476 -15.661853 -1.601882
c 33.585476 -15.791853 -1.601882
c 33.590441 -15.985069 -1.600852
c 33.588141 -16.142804 -1.602317
c 33.598859 -16.406038 -1.597917
c 33.601514 -16.548299 -1.598423
c 33.616883 -16.733972 -1.599091
c 33.621411 -16.911020 -1.599560
c 33.611689 -17.078663 -1.600158
c 33.627232 -17.270739 -1.600483
c 33.632735 -17.452711 -1.601753
c 33.635920 -17.625423 -1.602045
c 33.633354 -17.846987 -1.603394
c 33.626959 -17.972508 -1.604012
c 33.630984 -18.201175 -1.602743
c 33.657036 -18.353321 -1.603295
c 33.685311 -18.485234 -1.605693
c 33.683616 -18.648859 -1.608787
c 33.696634 -18.812698 -1.609183
c 33.690930 -18.993254 -1.607843
c 33.692758 -19.164475 -1.606328
c 33.689459 -19.350595 -1.605401
c 33.713043 -19.521575 -1.602941
c 33.713645 -19.683694 -1.602482
c 33.722876 -19.868824 -1.600933
c 33.738101 -20.039622 -1.598353
c 33.748898 -20.212989 -1.584520
c 33.781861 -20.392917 -1.572459
c 33.751923 -20.601009 -1.573954
c 33.764959 -20.742295 -1.574595
c 33.762317 -20.915574 -1.574760
c 33.774763 -21.078749 -1.575759
c 33.782334 -21.212856 -1.576530
c 33.794332 -21.353283 -1.576400
c 33.796466 -21.527969 -1.577589
c 33.842636 -21.721624 -1.577933
c 33.859371 -21.860462 -1.579079
c 33.870894 -21.988238 -1.577052
c 33.873130 -22.162052 -1.576292
c 33.890576 -22.347544 -1.574516
c 33.895977 -22.471173 -1.574145
c 33.915917 -22.600552 -1.573220
c 33.907522 -22.792445 -1.568974
c 33.912883 -23.011375 -1.565898
c 33.927160 -23.134178 -1.563898
c 33.931231 -23.237923 -1.562656
c 33.946582 -23.376809 -1.561721
c 33.963737 -23.494651 -1.560098
c 33.975217 -23.631067 -1.560229
c 33.976933 -23.751122 -1.558894
c 34.003622 -23.959601 -1.559134
c 34.023109 -24.092782 -1.557421
c 34.022798 -24.227412 -1.557544
c 34.020109 -24.360880 -1.554374
c 34.051813 -24.570683 -1.553149
c 34.062359 -24.709881 -1.551728
c 34.069667 -24.872955 -1.552297
c 34.127198 -25.060138 -1.549589
c 34.138728 -25.205819 -1.548973
c 34.152168 -25.343036 -1.546188
c 34.164981 -25.461043 -1.546045
c 34.179143 -25.699767 -1.544124
c 34.204404 -25.817869 -1.543428
c 34.214779 -25.952389 -1.542201
c 34.217014 -26.081354 -1.543296
c 34.229975 -26.221727 -1.541442
c 34.243350 -26.354492 -1.540552
c 34.258508 -26.511595 -1.539856
c 34.275635 -26.645433 -1.538342
c 34.322818 -26.891623 -1.536487
c 34.325090 -27.005867 -1.534832
c 34.328686 -27.123290 -1.533923
c 34.367269 -27.370050 -1.526068
c 34.388875 -27.476297 -1.519688
c 34.416300 -27.652307 -1.508488
c 34.454826 -27.826260 -1.497303
c 34.478526 -27.955760 -1.489692
c 34.508605 -28.089828 -1.481079
c 34.531501 -28.213334 -1.472379
c 34.558746 -28.326168 -1.466179
c 34.615698 -28.540451 -1.458510
c 34.639879 -28.654134 -1.459912
c 34.678960 -28.895888 -1.460248
c 34.690750 -28.998043 -1.458855
c 34.718806 -29.170119 -1.459927
c 34.737739 -29.356072 -1.459492
c 34.756230 -29.463683 -1.460266
c 34.803488 -29.708238 -1.461487
c 34.827559 -29.823044 -1.462014
c 34.850953 -29.946214 -1.462586
c 34.873051 -30.110673 -1.465116
c 34.903050 -30.279054 -1.464079
c 34.931403 -30.559357 -1.462051
c 34.950229 -30.682803 -1.461865
c 34.976524 -30.810717 -1.461322
c 35.014985 -31.037924 -1.462511
c 35.020645 -31.151259 -1.463930
c 35.047666 -31.268335 -1.464244
c 35.072935 -31.388661 -1.464152
c 35.098820 -31.513077 -1.463999
c 35.118934 -31.631295 -1.463807
c 35.151076 -31.859559 -1.463171
c 35.175829 -32.023706 -1.462841
c 35.217186 -32.260598 -1.463734
c 35.232367 -32.380272 -1.464057
c 35.247691 -32.501518 -1.464946
c 35.284270 -32.621690 -1.465725
c 35.302901 -32.752617 -1.464519
c 35.321431 -32.860871 -1.465028
c 35.366335 -33.084546 -1.465440
c 35.386167 -33.202825 -1.467538
c 35.427512 -33.461388 -1.473430
c 35.421624 -33.641851 -1.480453
c 35.425655 -33.760383 -1.484090
c 35.454067 -33.878679 -1.486644
c 35.469307 -34.000417 -1.489035
c 35.486203 -34.241456 -1.494414
c 35.492649 -34.359446 -1.500647
c 35.506024 -34.492482 -1.506907
c 35.517036 -34.610403 -1.515407
c 35.538317 -34.835501 -1.528077
c 35.559572 -35.100625 -1.531695
c 35.571200 -35.229310 -1.532286
c 35.571815 -35.341044 -1.532168
c 35.584647 -35.455219 -1.532700
c 35.601059 -35.566002 -1.532541
c 35.624398 -35.693188 -1.532017
c 35.636631 -35.830632 -1.530849
c 35.641331 -35.950830 -1.531825
c 35.650137 -36.066396 -1.532971
c 35.669643 -36.180911 -1.533897
c 35.689743 -36.419004 -1.534679
c 35.681661 -36.573407 -1.535597
c 35.713054 -36.753858 -1.536165
c 35.728839 -36.873738 -1.536088
c 35.733253 -36.991586 -1.535020
c 35.745926 -37.124138 -1.534877
c 35.763482 -37.244594 -1.534951
c 35.769229 -37.362637 -1.535022
c 35.790535 -37.603162 -1.538003
c 35.809689 -37.762957 -1.539648
c 35.818395 -37.943746 -1.538982
c 35.833788 -38.067277 -1.536991
c 35.849163 -38.185285 -1.536086
c 35.868497 -38.311692 -1.537012
c 35.873126 -38.428807 -1.537760
c 35.881510 -38.550875 -1.540041
c 35.894930 -38.682539 -1.539537
c 35.910752 -38.801272 -1.540477
c 35.918386 -38.907641 -1.541174
c 35.926220 -39.024996 -1.540808
c 35.941541 -39.151485 -1.540845
c 35.946597 -39.273119 -1.540527
c 35.958672 -39.379693 -1.540200
c 35.970997 -39.505075 -1.539880
c 35.984737 -39.605862 -1.541528
c 35.997583 -39.736105 -1.542221
c 36.013232 -39.851404 -1.542929
c 36.023530 -39.975364 -1.543149
c 36.037073 -40.098702 -1.542859
c 36.052481 -40.210615 -1.544508
c 36.063590 -40.327004 -1.544615
c 36.060388 -40.442106 -1.544473
c 36.070024 -40.574280 -1.543184
c 36.084134 -40.699903 -1.542023
c 36.099516 -40.817284 -1.543531
c 36.117637 -40.935896 -1.543743
c 36.129638 -41.047539 -1.543921
c 36.142652 -41.155558 -1.542954
c 36.165171 -41.278452 -1.544289
c 36.171117 -41.394628 -1.544515
c 36.169287 -41.523091 -1.543668
c 36.180987 -41.638631 -1.544040
c 36.190693 -41.757235 -1.543985
c 36.203097 -41.875315 -1.544843
c 36.214033 -41.990625 -1.544683
c 36.216145 -42.112533 -1.544838
c 36.234710 -42.227626 -1.546240
c 36.256368 -42.470943 -1.547383
c 36.254492 -42.593533 -1.547946
c 36.262942 -42.757054 -1.547840
c 36.272677 -42.873585 -1.547957
c 36.277384 -42.991603 -1.548044
c 36.282020 -43.111802 -1.547542
c 36.284593 -43.243426 -1.547300
c 36.299571 -43.364828 -1.548232
c 36.322279 -43.479785 -1.549231
c 36.338012 -43.590849 -1.549196
c 36.350413 -43.715066 -1.549385
c 36.353073 -43.837064 -1.551598
c 36.363257 -44.075793 -1.551396
c 36.374320 -44.205422 -1.550022
c 36.375026 -44.316615 -1.549376
c 36.378887 -44.437299 -1.549067
c 36.387777 -44.562256 -1.547962
c 36.392189 -44.677305 -1.548890
c 36.396319 -44.787844 -1.551389
c 36.412845 -44.905612 -1.550632
c 36.425341 -45.022843 -1.552496
c 36.429626 -45.148301 -1.552237
c 36.438510 -45.269371 -1.552535
c 36.450969 -45.390997 -1.553028
c 36.459212 -45.612641 -1.552592
c 36.459757 -45.742222 -1.552707
c 36.494545 -45.904298 -1.552028
c 36.505138 -46.020330 -1.550856
c 36.519223 -46.148851 -1.552930
c 36.526460 -46.269717 -1.554858
c 36.527098 -46.386173 -1.553551
c 36.543940 -46.509886 -1.554515
c 36.565231 -46.623086 -1.556024
c 36.560462 -46.740078 -1.555498
c 36.562784 -46.874454 -1.554981
c 36.574639 -46.986593 -1.554785
c 36.571832 -47.219782 -1.556353
c 36.575306 -47.338815 -1.557867
c 36.585523 -47.530597 -1.559285
c 36.607524 -47.654080 -1.558780
c 36.616586 -47.776372 -1.559582
c 36.625374 -47.886470 -1.559366
c 36.642703 -48.007746 -1.560930
c 36.641676 -48.126448 -1.560975
c 36.647652 -48.241454 -1.559108
c 36.660204 -48.368058 -1.557817
c 36.671908 -48.489154 -1.558097
c 36.660845 -48.615882 -1.558755
c 36.675866 -48.732144 -1.558202
c 36.693620 -48.849308 -1.560048
c 36.727116 -49.047312 -1.561977
c 36.735340 -49.166741 -1.560864
c 36.748235 -49.280729 -1.560502
c 36.763654 -49.399610 -1.559811
c 36.778448 -49.519002 -1.558957
c 36.781241 -49.636091 -1.560567
c 36.801375 -49.758913 -1.561394
c 36.804684 -49.879268 -1.560980
c 36.809047 -50.004674 -1.560814
c 36.818705 -50.129620 -1.561657
c 36.832358 -50.248169 -1.563145
c 36.830722 -50.366643 -1.562975
c 36.845799 -50.477755 -1.563423
c 36.849750 -50.675530 -1.563362
c 36.868752 -50.796300 -1.562685
c 36.866744 -50.958653 -1.562791
c 36.835454 -51.016340 -1.559512
c 36.827548 -50.979564 -1.564728
