road 1
point
c 0.000000 0.000000 0.000000
c 0.007903 1.018598 0.100995
c 0.167700 2.009531 0.191741
c 0.364131 2.956981 0.232918
c 0.671818 3.918419 0.478629
c 1.126663 4.819210 0.478629
c 1.588908 5.716158 0.478629
c 2.023501 6.567750 0.554880
c 2.715472 7.283523 0.890065
c 3.496459 7.926867 0.890065
c 4.289989 8.558424 1.003063
c 5.196856 9.006269 1.218905
c 6.181037 9.273373 1.433539
c 7.159200 9.309104 1.602289
c 8.172621 9.287373 1.602289
c 9.209371 9.257090 1.602289
c 10.234350 9.224799 1.602289
c 11.250028 9.192801 1.602289
c 12.299473 9.159743 1.602289
c 13.299020 9.128256 1.602289
c 14.323129 9.095994 1.602289
c 15.363019 9.063233 1.602289
c 16.403742 9.030730 1.602289
c 17.442905 8.998281 1.602289
c 18.488070 8.965355 1.602289
c 19.543587 8.932103 1.602289
c 20.599749 8.899118 1.602289
c 21.656887 8.865815 1.602289
c 22.660112 8.834210 1.602289
c 23.725874 8.800638 1.602289
pre 
beh
